STARTING POSITIONS:
GRID:
2 |0 |0 |0 |
0 |0 |0 |0 |
0 |0 |0 |0 |
0 |2 |0 |0 |


GRID:
0 |0 |0 |2 |
0 |0 |0 |0 |
0 |0 |0 |0 |
0 |0 |0 |2 |
pos1: x = 3, y = 1
GRID:
0 |0 |0 |2 |
0 |0 |0 |0 |
0 |0 |0 |0 |
0 |2 |0 |2 |

GRID:
0 |0 |0 |2 |
0 |0 |0 |0 |
0 |0 |0 |0 |
0 |0 |0 |4 |
pos1: x = 3, y = 1
GRID:
0 |0 |0 |2 |
0 |0 |0 |0 |
0 |0 |0 |0 |
0 |2 |0 |4 |

GRID:
0 |0 |0 |2 |
0 |0 |0 |0 |
0 |0 |0 |0 |
0 |0 |2 |4 |
pos1: x = 1, y = 0
GRID:
0 |0 |0 |2 |
2 |0 |0 |0 |
0 |0 |0 |0 |
0 |0 |2 |4 |

GRID:
0 |0 |0 |2 |
0 |0 |0 |2 |
0 |0 |0 |0 |
0 |0 |2 |4 |
pos1: x = 2, y = 2
GRID:
0 |0 |0 |2 |
0 |0 |0 |2 |
0 |0 |2 |0 |
0 |0 |2 |4 |

GRID:
0 |0 |0 |2 |
0 |0 |0 |2 |
0 |0 |0 |2 |
0 |0 |2 |4 |
pos1: x = 1, y = 1
GRID:
0 |0 |0 |2 |
0 |2 |0 |2 |
0 |0 |0 |2 |
0 |0 |2 |4 |

GRID:
0 |0 |0 |2 |
0 |0 |0 |4 |
0 |0 |0 |2 |
0 |0 |2 |4 |
pos1: x = 1, y = 1
GRID:
0 |0 |0 |2 |
0 |2 |0 |4 |
0 |0 |0 |2 |
0 |0 |2 |4 |

GRID:
0 |0 |0 |2 |
0 |0 |2 |4 |
0 |0 |0 |2 |
0 |0 |2 |4 |
pos1: x = 2, y = 1
GRID:
0 |0 |0 |2 |
0 |0 |2 |4 |
0 |2 |0 |2 |
0 |0 |2 |4 |

GRID:
0 |0 |0 |2 |
0 |0 |2 |4 |
0 |0 |0 |4 |
0 |0 |2 |4 |
pos1: x = 2, y = 1
GRID:
0 |0 |0 |2 |
0 |0 |2 |4 |
0 |2 |0 |4 |
0 |0 |2 |4 |

GRID:
0 |0 |0 |2 |
0 |0 |2 |4 |
0 |0 |2 |4 |
0 |0 |2 |4 |
pos1: x = 0, y = 2
GRID:
0 |0 |2 |2 |
0 |0 |2 |4 |
0 |0 |2 |4 |
0 |0 |2 |4 |

GRID:
0 |0 |0 |4 |
0 |0 |2 |4 |
0 |0 |2 |4 |
0 |0 |2 |4 |
pos1: x = 0, y = 2
GRID:
0 |0 |2 |4 |
0 |0 |2 |4 |
0 |0 |2 |4 |
0 |0 |2 |4 |
